30
30
The Town of Skara Brae
011110
011110
011110
011110
011110
011110
011110
011110
011110
011110
011110
011110
011110
011110
011110
011110
011110
011110
011110
011110
011110
011110
011110
011110
011110
011110
011110
011110
011110
011110
011110
011110
011110
011110
110010
101010
011110
011110
011110
011110
011110
011110
011110
011110
011110
011110
011110
011110
011110
011110
011110
011110
011110
011110
011110
011110
011110
011110
011110
011110
011110
011110
110010
100010
100100
101100
011110
011110
011110
011110
011110
011110
011110
011110
011110
011110
011110
011110
011110
011110
011110
011110
011110
011110
011110
011110
011110
011110
011110
011110
011110
110010
100100
101100
011110
011110
011110
011110
011110
011110
011110
011110
011110
011110
011110
011110
011110
011110
011110
011110
011110
011110
011110
011110
011110
011110
011110
011110
011110
011110
011110
111000
011110
011110
011110
011110
011110
011110
011110
011110
011110
011110
011110
011110
011110
011110
011110
011110
011110
011110
011110
011110
011110
011110
011110
011110
011110
011110
011110
011110
011110
111000
011110
011110
011110
011110
011110
011110
011110
011110
011110
011110
011110
011110
011110
011110
011110
011110
011110
011110
011110
011110
011110
011110
011110
011110
011110
011110
011110
011110
011110
111000
011110
011110
011110
011110
011110
011110
011110
011110
011110
011110
011110
011110
011110
011110
011110
011110
011110
011110
011110
011110
011110
011110
011110
011110
011110
011110
011110
011110
011110
111000
011110
011110
011110
011110
011110
011110
011110
011110
011110
011110
011110
011110
011110
011110
011110
011110
011110
011110
011110
011110
011110
011110
011110
011110
011110
011110
011110
011110
011110
111000
011110
011110
011110
011110
011110
011110
011110
011110
011110
011110
011110
011110
011110
011110
011110
011110
011110
011110
011110
011110
011110
011110
011110
011110
011110
011110
011110
011110
011110
111000
011110
011110
011110
011110
011110
011110
011110
011110
011110
011110
011110
011110
011110
011110
011110
011110
011110
011110
011110
011110
011110
011110
011110
011110
011110
011110
011110
011110
011110
111000
011110
011110
011110
011110
011110
011110
011110
011110
011110
011110
011110
011110
011110
011110
011110
011110
011110
011110
011110
011110
011110
011110
011110
011110
011110
011110
011110
011110
011110
111000
011110
011110
011110
011110
011110
011110
011110
011110
011110
011110
011110
011110
011110
011110
011110
011110
011110
011110
011110
011110
011110
011110
011110
011110
011110
011110
011110
011110
011110
111000
011110
011110
011110
011110
011110
011110
011110
011110
011110
011110
011110
011110
011110
011110
011110
011110
011110
011110
011110
011110
011110
011110
011110
011110
011110
011110
011110
011110
011110
111000
011110
011110
011110
011110
011110
011110
011110
011110
011110
011110
011110
011110
011110
011110
011110
011110
011110
011110
011110
011110
011110
011110
011110
011110
011110
011110
011110
011110
011110
111000
011110
011110
011110
011110
011110
011110
011110
011110
011110
011110
011110
011110
011110
011110
011110
011110
011110
011110
011110
011110
011110
011110
011110
011110
011110
011110
011110
011110
011110
111000
011110
011110
011110
011110
011110
011110
011110
011110
011110
011110
011110
011110
011110
011110
011110
011110
011110
011110
011110
011110
011110
011110
011110
011110
011110
011110
011110
011110
011110
111000
011110
011110
011110
011110
011110
011110
011110
011110
011110
011110
011110
011110
011110
011110
011110
011110
011110
011110
011110
011110
011110
011110
011110
011110
011110
011110
011110
011110
011110
111000
011110
011110
011110
011110
011110
011110
011110
011110
011110
011110
011110
011110
011110
011110
011110
011110
011110
011110
011110
011110
011110
011110
011110
011110
011110
011110
011110
011110
011110
111000
011110
011110
011110
011110
011110
011110
011110
011110
011110
011110
011110
011110
011110
011110
011110
011110
011110
011110
011110
011110
011110
011110
011110
011110
011110
011110
011110
011110
011110
111000
011110
011110
011110
011110
011110
011110
011110
011110
011110
011110
011110
011110
011110
011110
011110
011110
011110
011110
011110
011110
011110
011110
011110
011110
011110
011110
011110
011110
011110
111000
011110
011110
011110
011110
011110
011110
011110
011110
011110
011110
011110
011110
011110
011110
011110
011110
011110
011110
011110
011110
011110
011110
011110
011110
011110
011110
011110
011110
011110
111000
011110
011110
011110
011110
011110
011110
011110
011110
011110
011110
011110
011110
011110
011110
011110
011110
011110
011110
011110
011110
011110
011110
011110
011110
011110
011110
011110
011110
011110
111000
011110
011110
011110
011110
110010
101110
011110
011110
011110
011110
011110
011110
011110
011110
011110
011110
011110
011110
011110
011110
011110
011110
011110
011110
011110
011110
011110
011110
011110
110100
101010
011110
011110
011110
111000
011110
011110
011110
011110
011110
011110
011110
011110
011110
011110
011110
011110
011110
011110
011110
011110
011110
011110
011110
011110
011110
011110
011110
011110
011110
110100
100110
100110
100110
101000
011110
011110
011110
110010
101010
011110
11111004. Adventurer's Guild
011110
110010
101010
011110
011110
011110
011110
011110
011110
011110
011110
011110
011110
011110
011110
011110
011110
011110
011110
011110
011110
011110
110000
100110
100110
100010
100100
100000
100110
100110
100110
100000
100100
101010
011110
011110
011110
011110
011110
011110
011110
011110
011110
011110
011110
011110
011110
110010
100110
101010
011110
011110
111000
011110
011110
111000
11111003. Garth's Equipment Shoppe
111000
011110
011110
011110
111000
011110
111000
011110
011110
011110
011110
011110
011110
011110
011110
011110
011110
011110
011110
011110
111000
11111001. Kylean's Tower
111000
11011002. Locked Gate
100110
101000
011110
110110
100000
100110
101000
011110
011110
011110
111000
011110
110000
100110
100010
100110
100010
10011005. Statue
100110
100110
100110
100010
101010
011110
011110
011110
110100
100110
101100
011110
011110
111100
011110
011110
111100
011110
111100
011110
011110
011110
111100
011110
111100
011110
111100
011110
111100
011110
011110
011110
011110
110100
101100
011110
011110
011110
011110
011110
011110
011110
011110
011110
011110
011110
011110
011110
011110
011110
011110
011110
011110
011110
011110
011110
011110
011110
011110
011110
011110
011110
011110
011110
011110
011110
011110