16
16
Sorpigal Sewers - Level 1
011110
011110
011110
011110
011110
011110
011110
011110
012110
122010
021110
011110
011110
011110
011110
011110
011110
011110
011110
011110
011110
011110
011110
011110
110110
102000
021110
011110
011110
011110
011110
011110
011110
011110
011110
011110
011110
011110
011110
011110
011110
111000
011110
011110
011110
011110
011110
011110
011110
011110
011110
011110
011110
011110
011110
011110
012110
121000
011110
011110
011110
011110
011110
011110
011110
011110
011110
011110
011110
011110
011110
110010
102010
120100
100110
101010
011110
111010
011110
011110
011110
011110
011110
011110
011110
011110
011110
110100
101100
011110
011110
111000
012110
122000
021110
011110
011110
011110
011110
011110
011110
011110
011110
011110
011110
011110
110110
101000
012110
122000
021110
011110
011110
011110
011110
011110
011110
011110
011110
011110
011110
011110
011110
111000
012010
122000
021110
011110
011110
011110
011110
011110
011110
011110
011110
011110
011110
011110
011110
111000
112100
122000
121110
011110
011110
011110
011110
011110
011110
011110
011110
011110
011110
011110
011110
111000
011110
111000
011110
011110
011110
011110
011110
011110
011110
011110
011110
011110
011110
011110
011110
111000
011110
110100
100110
101010
011110
011110
011110
011110
011110
011110
011110
011110
011110
011110
011110
110100
100110
100110
101010
111000
011110
011110
011110
011110
011110
011110
011110
011110
011110
011110
011110
011110
011110
011110
111200
111200
011110
011110
011110
011110
011110
011110
011110
011110
011110
011110
011110
011110
011110
011110
110020
101020
011110
011110
011110
011110
011110
011110
011110
011110
011110
011110
011110
011110
011110
110110
100100
101102
011110
011110
011110
011110
011110
011110
011110
011110
011110
011110
011110
011110
011110
011110
011110
011110
